
# Surface 0 of 1 surfaces

# Curve title: "f(x,y)"
# Contour 0, label:        5
 4.16142 -1.18474  5 
 4.09091 -1.22355  5 
 4.08839 -1.2249  5 
 4.00925 -1.26506  5 
 3.9899 -1.27437  5 
 3.92334 -1.30522  5 
 3.88889 -1.32036  5 
 3.82948 -1.34538  5 
 3.78788 -1.362  5 
 3.72604 -1.38554  5 
 3.68687 -1.39969  5 
 3.6107 -1.4257  5 
 3.58586 -1.43376  5 
 3.48485 -1.46448  5 
 3.47999 -1.46586  5 
 3.38384 -1.49188  5 
 3.32689 -1.50602  5 
 3.28283 -1.51643  5 
 3.18182 -1.53816  5 
 3.14041 -1.54618  5 
 3.08081 -1.55718  5 
 2.9798 -1.57364  5 
 2.88903 -1.58635  5 
 2.87879 -1.58771  5 
 2.77778 -1.59925  5 
 2.67677 -1.60853  5 
 2.57576 -1.61559  5 
 2.47475 -1.62046  5 
 2.37374 -1.62315  5 
 2.27273 -1.62372  5 
 2.17172 -1.62218  5 
 2.07071 -1.61857  5 
 1.9697 -1.61293  5 
 1.86869 -1.60529  5 
 1.76768 -1.59567  5 
 1.68659 -1.58635  5 
 1.66667 -1.58409  5 
 1.56566 -1.57048  5 
 1.46465 -1.555  5 
 1.41381 -1.54618  5 
 1.36364 -1.53761  5 
 1.26263 -1.51838  5 
 1.20356 -1.50602  5 
 1.16162 -1.49737  5 
 1.06061 -1.47468  5 
 1.02407 -1.46586  5 
 0.959596 -1.45046  5 
 0.861675 -1.4257  5 
 0.858586 -1.42493  5 
 0.757576 -1.39837  5 
 0.709858 -1.38554  5 
 0.656566 -1.37124  5 
 0.560028 -1.34538  5 
 0.555556 -1.34418  5 
 0.454545 -1.31808  5 
 0.400081 -1.30522  5 
 0.353535 -1.29413  5 
 0.252525 -1.27385  5 
 0.192667 -1.26506  5 
 0.151515 -1.25896  5 
 0.0505051 -1.25102  5 
-0.0505051 -1.25102  5 
-0.151515 -1.25896  5 
-0.192667 -1.26506  5 
-0.252525 -1.27385  5 
-0.353535 -1.29413  5 
-0.400081 -1.30522  5 
-0.454545 -1.31808  5 
-0.555556 -1.34418  5 
-0.560028 -1.34538  5 
-0.656566 -1.37124  5 
-0.709858 -1.38554  5 
-0.757576 -1.39837  5 
-0.858586 -1.42493  5 
-0.861675 -1.4257  5 
-0.959596 -1.45046  5 
-1.02407 -1.46586  5 
-1.06061 -1.47468  5 
-1.16162 -1.49737  5 
-1.20356 -1.50602  5 
-1.26263 -1.51838  5 
-1.36364 -1.53761  5 
-1.41381 -1.54618  5 
-1.46465 -1.555  5 
-1.56566 -1.57048  5 
-1.66667 -1.58409  5 
-1.68659 -1.58635  5 
-1.76768 -1.59567  5 
-1.86869 -1.60529  5 
-1.9697 -1.61293  5 
-2.07071 -1.61857  5 
-2.17172 -1.62218  5 
-2.27273 -1.62372  5 
-2.37374 -1.62315  5 
-2.47475 -1.62046  5 
-2.57576 -1.61559  5 
-2.67677 -1.60853  5 
-2.77778 -1.59925  5 
-2.87879 -1.58771  5 

 2.87879  1.58771  5 
 2.88903  1.58635  5 
 2.9798  1.57364  5 
 3.08081  1.55718  5 
 3.14041  1.54618  5 
 3.18182  1.53816  5 
 3.28283  1.51643  5 
 3.32689  1.50602  5 
 3.38384  1.49188  5 
 3.47999  1.46586  5 
 3.48485  1.46448  5 
 3.58586  1.43376  5 
 3.6107  1.4257  5 
 3.68687  1.39969  5 
 3.72604  1.38554  5 
 3.78788  1.362  5 
 3.82948  1.34538  5 
 3.88889  1.32036  5 
 3.92334  1.30522  5 
 3.9899  1.27437  5 
 4.00925  1.26506  5 
 4.08839  1.2249  5 
 4.09091  1.22355  5 
 4.16142  1.18474  5 
 4.19192  1.16698  5 
 4.22936  1.14458  5 
 4.29277  1.10442  5 
 4.29293  1.10431  5 
 4.35176  1.06426  5 
 4.39394  1.03377  5 
 4.40707  1.0241  5 
 4.45876  0.983936  5 
 4.49495  0.954091  5 
 4.50726  0.943775  5 
 4.55263  0.903614  5 
 4.59523  0.863454  5 
 4.59596  0.86273  5 
 4.63504  0.823293  5 
 4.67235  0.783133  5 
 4.69697  0.754873  5 
 4.70723  0.742972  5 
 4.73976  0.702811  5 
 4.77009  0.662651  5 
 4.79798  0.62294  5 
 4.79829  0.62249  5 
 4.8244  0.582329  5 
 4.84852  0.542169  5 
 4.87071  0.502008  5 
 4.89102  0.461847  5 
 4.89899  0.444556  5 
 4.90948  0.421687  5 
 4.92614  0.381526  5 
 4.94105  0.341365  5 
 4.95422  0.301205  5 
 4.96569  0.261044  5 
 4.97549  0.220884  5 
 4.98362  0.180723  5 
 4.9901  0.140562  5 
 4.99495  0.100402  5 
 4.99818  0.060241  5 
 4.9998  0.0200803  5 
 4.9998 -0.0200803  5 
 4.99818 -0.060241  5 
 4.99495 -0.100402  5 
 4.9901 -0.140562  5 
 4.98362 -0.180723  5 
 4.97549 -0.220884  5 
 4.96569 -0.261044  5 
 4.95422 -0.301205  5 
 4.94105 -0.341365  5 
 4.92614 -0.381526  5 
 4.90948 -0.421687  5 
 4.89899 -0.444556  5 
 4.89102 -0.461847  5 
 4.87071 -0.502008  5 
 4.84852 -0.542169  5 
 4.8244 -0.582329  5 
 4.79829 -0.62249  5 
 4.79798 -0.62294  5 
 4.77009 -0.662651  5 
 4.73976 -0.702811  5 
 4.70723 -0.742972  5 
 4.69697 -0.754873  5 
 4.67235 -0.783133  5 
 4.63504 -0.823293  5 
 4.59596 -0.86273  5 
 4.59523 -0.863454  5 
 4.55263 -0.903614  5 
 4.50726 -0.943775  5 
 4.49495 -0.954091  5 
 4.45876 -0.983936  5 
 4.40707 -1.0241  5 
 4.39394 -1.03377  5 
 4.35176 -1.06426  5 
 4.29293 -1.10431  5 
 4.29277 -1.10442  5 
 4.22936 -1.14458  5 
 4.19192 -1.16698  5 
 4.16142 -1.18474  5 

-4.16142  1.18474  5 
-4.09091  1.22355  5 
-4.08839  1.2249  5 
-4.00925  1.26506  5 
-3.9899  1.27437  5 
-3.92334  1.30522  5 
-3.88889  1.32036  5 
-3.82948  1.34538  5 
-3.78788  1.362  5 
-3.72604  1.38554  5 
-3.68687  1.39969  5 
-3.6107  1.4257  5 
-3.58586  1.43376  5 
-3.48485  1.46448  5 
-3.47999  1.46586  5 
-3.38384  1.49188  5 
-3.32689  1.50602  5 
-3.28283  1.51643  5 
-3.18182  1.53816  5 
-3.14041  1.54618  5 
-3.08081  1.55718  5 
-2.9798  1.57364  5 
-2.88903  1.58635  5 
-2.87879  1.58771  5 
-2.77778  1.59925  5 
-2.67677  1.60853  5 
-2.57576  1.61559  5 
-2.47475  1.62046  5 
-2.37374  1.62315  5 
-2.27273  1.62372  5 
-2.17172  1.62218  5 
-2.07071  1.61857  5 
-1.9697  1.61293  5 
-1.86869  1.60529  5 
-1.76768  1.59567  5 
-1.68659  1.58635  5 
-1.66667  1.58409  5 
-1.56566  1.57048  5 
-1.46465  1.555  5 
-1.41381  1.54618  5 
-1.36364  1.53761  5 
-1.26263  1.51838  5 
-1.20356  1.50602  5 
-1.16162  1.49737  5 
-1.06061  1.47468  5 
-1.02407  1.46586  5 
-0.959596  1.45046  5 
-0.861675  1.4257  5 
-0.858586  1.42493  5 
-0.757576  1.39837  5 
-0.709858  1.38554  5 
-0.656566  1.37124  5 
-0.560028  1.34538  5 
-0.555556  1.34418  5 
-0.454545  1.31808  5 
-0.400081  1.30522  5 
-0.353535  1.29413  5 
-0.252525  1.27385  5 
-0.192667  1.26506  5 
-0.151515  1.25896  5 
-0.0505051  1.25102  5 
 0.0505051  1.25102  5 
 0.151515  1.25896  5 
 0.192667  1.26506  5 
 0.252525  1.27385  5 
 0.353535  1.29413  5 
 0.400081  1.30522  5 
 0.454545  1.31808  5 
 0.555556  1.34418  5 
 0.560028  1.34538  5 
 0.656566  1.37124  5 
 0.709858  1.38554  5 
 0.757576  1.39837  5 
 0.858586  1.42493  5 
 0.861675  1.4257  5 
 0.959596  1.45046  5 
 1.02407  1.46586  5 
 1.06061  1.47468  5 
 1.16162  1.49737  5 
 1.20356  1.50602  5 
 1.26263  1.51838  5 
 1.36364  1.53761  5 
 1.41381  1.54618  5 
 1.46465  1.555  5 
 1.56566  1.57048  5 
 1.66667  1.58409  5 
 1.68659  1.58635  5 
 1.76768  1.59567  5 
 1.86869  1.60529  5 
 1.9697  1.61293  5 
 2.07071  1.61857  5 
 2.17172  1.62218  5 
 2.27273  1.62372  5 
 2.37374  1.62315  5 
 2.47475  1.62046  5 
 2.57576  1.61559  5 
 2.67677  1.60853  5 
 2.77778  1.59925  5 
 2.87879  1.58771  5 

-2.87879 -1.58771  5 
-2.88903 -1.58635  5 
-2.9798 -1.57364  5 
-3.08081 -1.55718  5 
-3.14041 -1.54618  5 
-3.18182 -1.53816  5 
-3.28283 -1.51643  5 
-3.32689 -1.50602  5 
-3.38384 -1.49188  5 
-3.47999 -1.46586  5 
-3.48485 -1.46448  5 
-3.58586 -1.43376  5 
-3.6107 -1.4257  5 
-3.68687 -1.39969  5 
-3.72604 -1.38554  5 
-3.78788 -1.362  5 
-3.82948 -1.34538  5 
-3.88889 -1.32036  5 
-3.92334 -1.30522  5 
-3.9899 -1.27437  5 
-4.00925 -1.26506  5 
-4.08839 -1.2249  5 
-4.09091 -1.22355  5 
-4.16142 -1.18474  5 
-4.19192 -1.16698  5 
-4.22936 -1.14458  5 
-4.29277 -1.10442  5 
-4.29293 -1.10431  5 
-4.35176 -1.06426  5 
-4.39394 -1.03377  5 
-4.40707 -1.0241  5 
-4.45876 -0.983936  5 
-4.49495 -0.954091  5 
-4.50726 -0.943775  5 
-4.55263 -0.903614  5 
-4.59523 -0.863454  5 
-4.59596 -0.86273  5 
-4.63504 -0.823293  5 
-4.67235 -0.783133  5 
-4.69697 -0.754873  5 
-4.70723 -0.742972  5 
-4.73976 -0.702811  5 
-4.77009 -0.662651  5 
-4.79798 -0.62294  5 
-4.79829 -0.62249  5 
-4.8244 -0.582329  5 
-4.84852 -0.542169  5 
-4.87071 -0.502008  5 
-4.89102 -0.461847  5 
-4.89899 -0.444556  5 
-4.90948 -0.421687  5 
-4.92614 -0.381526  5 
-4.94105 -0.341365  5 
-4.95422 -0.301205  5 
-4.96569 -0.261044  5 
-4.97549 -0.220884  5 
-4.98362 -0.180723  5 
-4.9901 -0.140562  5 
-4.99495 -0.100402  5 
-4.99818 -0.060241  5 
-4.9998 -0.0200803  5 
-4.9998  0.0200803  5 
-4.99818  0.060241  5 
-4.99495  0.100402  5 
-4.9901  0.140562  5 
-4.98362  0.180723  5 
-4.97549  0.220884  5 
-4.96569  0.261044  5 
-4.95422  0.301205  5 
-4.94105  0.341365  5 
-4.92614  0.381526  5 
-4.90948  0.421687  5 
-4.89899  0.444556  5 
-4.89102  0.461847  5 
-4.87071  0.502008  5 
-4.84852  0.542169  5 
-4.8244  0.582329  5 
-4.79829  0.62249  5 
-4.79798  0.62294  5 
-4.77009  0.662651  5 
-4.73976  0.702811  5 
-4.70723  0.742972  5 
-4.69697  0.754873  5 
-4.67235  0.783133  5 
-4.63504  0.823293  5 
-4.59596  0.86273  5 
-4.59523  0.863454  5 
-4.55263  0.903614  5 
-4.50726  0.943775  5 
-4.49495  0.954091  5 
-4.45876  0.983936  5 
-4.40707  1.0241  5 
-4.39394  1.03377  5 
-4.35176  1.06426  5 
-4.29293  1.10431  5 
-4.29277  1.10442  5 
-4.22936  1.14458  5 
-4.19192  1.16698  5 
-4.16142  1.18474  5 


# Contour 1, label:        4
-0.552798 -1.10442  4 
-0.555556 -1.10516  4 
-0.656566 -1.13205  4 
-0.705831 -1.14458  4 
-0.757576 -1.15786  4 
-0.858586 -1.18209  4 
-0.870782 -1.18474  4 
-0.959596 -1.20434  4 
-1.06061 -1.22451  4 
-1.06285 -1.2249  4 
-1.16162 -1.24231  4 
-1.26263 -1.25783  4 
-1.31894 -1.26506  4 
-1.36364 -1.27091  4 
-1.46465 -1.2815  4 
-1.56566 -1.28964  4 
-1.66667 -1.29528  4 
-1.76768 -1.29837  4 
-1.86869 -1.29885  4 
-1.9697 -1.29669  4 
-2.07071 -1.29182  4 
-2.17172 -1.28421  4 
-2.27273 -1.2738  4 

 3.88889  0.415618  4 
 3.90689  0.381526  4 
 3.92581  0.341365  4 
 3.94248  0.301205  4 
 3.95695  0.261044  4 
 3.96927  0.220884  4 
 3.97948  0.180723  4 
 3.98761  0.140562  4 
 3.9899  0.125473  4 
 3.99369  0.100402  4 
 3.99773  0.060241  4 
 3.99975  0.0200803  4 
 3.99975 -0.0200803  4 
 3.99773 -0.060241  4 
 3.99369 -0.100402  4 
 3.9899 -0.125473  4 
 3.98761 -0.140562  4 
 3.97948 -0.180723  4 
 3.96927 -0.220884  4 
 3.95695 -0.261044  4 
 3.94248 -0.301205  4 
 3.92581 -0.341365  4 
 3.90689 -0.381526  4 
 3.88889 -0.415618  4 
 3.88566 -0.421687  4 
 3.86201 -0.461847  4 
 3.83588 -0.502008  4 
 3.80717 -0.542169  4 
 3.78788 -0.56694  4 
 3.77575 -0.582329  4 
 3.74144 -0.62249  4 
 3.70416 -0.662651  4 
 3.68687 -0.679945  4 
 3.66363 -0.702811  4 
 3.61966 -0.742972  4 
 3.58586 -0.771622  4 
 3.572 -0.783133  4 
 3.52022 -0.823293  4 
 3.48485 -0.84882  4 
 3.46405 -0.863454  4 
 3.40289 -0.903614  4 
 3.38384 -0.915331  4 
 3.33606 -0.943775  4 
 3.28283 -0.973314  4 
 3.26295 -0.983936  4 
 3.18242 -1.0241  4 
 3.18182 -1.02438  4 
 3.09263 -1.06426  4 
 3.08081 -1.0692  4 
 2.99173 -1.10442  4 
 2.9798 -1.10884  4 
 2.87879 -1.14381  4 
 2.87641 -1.14458  4 
 2.77778 -1.17436  4 
 2.74006 -1.18474  4 
 2.67677 -1.20108  4 
 2.57576 -1.22432  4 
 2.57294 -1.2249  4 
 2.47475 -1.24388  4 
 2.37374 -1.26044  4 
 2.34016 -1.26506  4 
 2.27273 -1.2738  4 
 2.17172 -1.28421  4 
 2.07071 -1.29182  4 
 1.9697 -1.29669  4 
 1.86869 -1.29885  4 
 1.76768 -1.29837  4 
 1.66667 -1.29528  4 
 1.56566 -1.28964  4 
 1.46465 -1.2815  4 
 1.36364 -1.27091  4 
 1.31894 -1.26506  4 
 1.26263 -1.25783  4 
 1.16162 -1.24231  4 
 1.06285 -1.2249  4 
 1.06061 -1.22451  4 
 0.959596 -1.20434  4 
 0.870782 -1.18474  4 
 0.858586 -1.18209  4 
 0.757576 -1.15786  4 
 0.705831 -1.14458  4 
 0.656566 -1.13205  4 
 0.555556 -1.10516  4 
 0.552798 -1.10442  4 
 0.454545 -1.07803  4 
 0.401009 -1.06426  4 
 0.353535 -1.05196  4 
 0.252525 -1.02881  4 
 0.225488 -1.0241  4 
 0.151515 -1.01105  4 
 0.0505051 -1.00127  4 
-0.0505051 -1.00127  4 
-0.151515 -1.01105  4 
-0.225488 -1.0241  4 
-0.252525 -1.02881  4 
-0.353535 -1.05196  4 
-0.401009 -1.06426  4 
-0.454545 -1.07803  4 
-0.552798 -1.10442  4 

-2.34016  1.26506  4 
-2.27273  1.2738  4 
-2.17172  1.28421  4 
-2.07071  1.29182  4 
-1.9697  1.29669  4 
-1.86869  1.29885  4 
-1.76768  1.29837  4 
-1.66667  1.29528  4 
-1.56566  1.28964  4 
-1.46465  1.2815  4 
-1.36364  1.27091  4 
-1.31894  1.26506  4 
-1.26263  1.25783  4 
-1.16162  1.24231  4 
-1.06285  1.2249  4 
-1.06061  1.22451  4 
-0.959596  1.20434  4 
-0.870782  1.18474  4 
-0.858586  1.18209  4 
-0.757576  1.15786  4 
-0.705831  1.14458  4 
-0.656566  1.13205  4 
-0.555556  1.10516  4 
-0.552798  1.10442  4 
-0.454545  1.07803  4 
-0.401009  1.06426  4 
-0.353535  1.05196  4 
-0.252525  1.02881  4 
-0.225488  1.0241  4 
-0.151515  1.01105  4 
-0.0505051  1.00127  4 
 0.0505051  1.00127  4 
 0.151515  1.01105  4 
 0.225488  1.0241  4 
 0.252525  1.02881  4 
 0.353535  1.05196  4 
 0.401009  1.06426  4 
 0.454545  1.07803  4 
 0.552798  1.10442  4 
 0.555556  1.10516  4 
 0.656566  1.13205  4 
 0.705831  1.14458  4 
 0.757576  1.15786  4 
 0.858586  1.18209  4 
 0.870782  1.18474  4 
 0.959596  1.20434  4 
 1.06061  1.22451  4 
 1.06285  1.2249  4 
 1.16162  1.24231  4 
 1.26263  1.25783  4 
 1.31894  1.26506  4 
 1.36364  1.27091  4 
 1.46465  1.2815  4 
 1.56566  1.28964  4 
 1.66667  1.29528  4 
 1.76768  1.29837  4 
 1.86869  1.29885  4 
 1.9697  1.29669  4 
 2.07071  1.29182  4 
 2.17172  1.28421  4 
 2.27273  1.2738  4 
 2.34016  1.26506  4 
 2.37374  1.26044  4 
 2.47475  1.24388  4 
 2.57294  1.2249  4 
 2.57576  1.22432  4 
 2.67677  1.20108  4 
 2.74006  1.18474  4 
 2.77778  1.17436  4 
 2.87641  1.14458  4 
 2.87879  1.14381  4 
 2.9798  1.10884  4 
 2.99173  1.10442  4 
 3.08081  1.0692  4 
 3.09263  1.06426  4 
 3.18182  1.02438  4 
 3.18242  1.0241  4 
 3.26295  0.983936  4 
 3.28283  0.973314  4 
 3.33606  0.943775  4 
 3.38384  0.915331  4 
 3.40289  0.903614  4 
 3.46405  0.863454  4 
 3.48485  0.84882  4 
 3.52022  0.823293  4 
 3.572  0.783133  4 
 3.58586  0.771622  4 
 3.61966  0.742972  4 
 3.66363  0.702811  4 
 3.68687  0.679945  4 
 3.70416  0.662651  4 
 3.74144  0.62249  4 
 3.77575  0.582329  4 
 3.78788  0.56694  4 
 3.80717  0.542169  4 
 3.83588  0.502008  4 
 3.86201  0.461847  4 
 3.88566  0.421687  4 
 3.88889  0.415618  4 

-2.27273 -1.2738  4 
-2.34016 -1.26506  4 
-2.37374 -1.26044  4 
-2.47475 -1.24388  4 
-2.57294 -1.2249  4 
-2.57576 -1.22432  4 
-2.67677 -1.20108  4 
-2.74006 -1.18474  4 
-2.77778 -1.17436  4 
-2.87641 -1.14458  4 
-2.87879 -1.14381  4 
-2.9798 -1.10884  4 
-2.99173 -1.10442  4 
-3.08081 -1.0692  4 
-3.09263 -1.06426  4 
-3.18182 -1.02438  4 
-3.18242 -1.0241  4 
-3.26295 -0.983936  4 
-3.28283 -0.973314  4 
-3.33606 -0.943775  4 
-3.38384 -0.915331  4 
-3.40289 -0.903614  4 
-3.46405 -0.863454  4 
-3.48485 -0.84882  4 
-3.52022 -0.823293  4 
-3.572 -0.783133  4 
-3.58586 -0.771622  4 
-3.61966 -0.742972  4 
-3.66363 -0.702811  4 
-3.68687 -0.679945  4 
-3.70416 -0.662651  4 
-3.74144 -0.62249  4 
-3.77575 -0.582329  4 
-3.78788 -0.56694  4 
-3.80717 -0.542169  4 
-3.83588 -0.502008  4 
-3.86201 -0.461847  4 
-3.88566 -0.421687  4 
-3.88889 -0.415618  4 
-3.90689 -0.381526  4 
-3.92581 -0.341365  4 
-3.94248 -0.301205  4 
-3.95695 -0.261044  4 
-3.96927 -0.220884  4 
-3.97948 -0.180723  4 
-3.98761 -0.140562  4 
-3.9899 -0.125473  4 
-3.99369 -0.100402  4 
-3.99773 -0.060241  4 
-3.99975 -0.0200803  4 
-3.99975  0.0200803  4 
-3.99773  0.060241  4 
-3.99369  0.100402  4 
-3.9899  0.125473  4 
-3.98761  0.140562  4 
-3.97948  0.180723  4 
-3.96927  0.220884  4 
-3.95695  0.261044  4 
-3.94248  0.301205  4 
-3.92581  0.341365  4 
-3.90689  0.381526  4 
-3.88889  0.415618  4 
-3.88566  0.421687  4 
-3.86201  0.461847  4 
-3.83588  0.502008  4 
-3.80717  0.542169  4 
-3.78788  0.56694  4 
-3.77575  0.582329  4 
-3.74144  0.62249  4 
-3.70416  0.662651  4 
-3.68687  0.679945  4 
-3.66363  0.702811  4 
-3.61966  0.742972  4 
-3.58586  0.771622  4 
-3.572  0.783133  4 
-3.52022  0.823293  4 
-3.48485  0.84882  4 
-3.46405  0.863454  4 
-3.40289  0.903614  4 
-3.38384  0.915331  4 
-3.33606  0.943775  4 
-3.28283  0.973314  4 
-3.26295  0.983936  4 
-3.18242  1.0241  4 
-3.18182  1.02438  4 
-3.09263  1.06426  4 
-3.08081  1.0692  4 
-2.99173  1.10442  4 
-2.9798  1.10884  4 
-2.87879  1.14381  4 
-2.87641  1.14458  4 
-2.77778  1.17436  4 
-2.74006  1.18474  4 
-2.67677  1.20108  4 
-2.57576  1.22432  4 
-2.57294  1.2249  4 
-2.47475  1.24388  4 
-2.37374  1.26044  4 
-2.34016  1.26506  4 


# Contour 2, label:        3
 0.950865 -0.943775  3 
 0.858586 -0.929598  3 
 0.757576 -0.911009  3 
 0.723459 -0.903614  3 
 0.656566 -0.889426  3 
 0.555556 -0.865252  3 
 0.548692 -0.863454  3 
 0.454545 -0.839015  3 
 0.396016 -0.823293  3 
 0.353535 -0.811891  3 
 0.252525 -0.785873  3 
 0.239495 -0.783133  3 
 0.151515 -0.764318  3 
 0.0505051 -0.751688  3 
-0.0505051 -0.751688  3 
-0.151515 -0.764318  3 
-0.239495 -0.783133  3 
-0.252525 -0.785873  3 
-0.353535 -0.811891  3 
-0.396016 -0.823293  3 
-0.454545 -0.839015  3 
-0.548692 -0.863454  3 
-0.555556 -0.865252  3 
-0.656566 -0.889426  3 
-0.723459 -0.903614  3 
-0.757576 -0.911009  3 
-0.858586 -0.929598  3 
-0.950865 -0.943775  3 
-0.959596 -0.945151  3 
-1.06061 -0.957339  3 
-1.16162 -0.96629  3 
-1.26263 -0.971921  3 
-1.36364 -0.974142  3 
-1.46465 -0.972862  3 
-1.56566 -0.96799  3 
-1.66667 -0.959443  3 
-1.76768 -0.947145  3 

 0.353535  0.811891  3 
 0.396016  0.823293  3 
 0.454545  0.839015  3 
 0.548692  0.863454  3 
 0.555556  0.865252  3 
 0.656566  0.889426  3 
 0.723459  0.903614  3 
 0.757576  0.911009  3 
 0.858586  0.929598  3 
 0.950865  0.943775  3 
 0.959596  0.945151  3 
 1.06061  0.957339  3 
 1.16162  0.96629  3 
 1.26263  0.971921  3 
 1.36364  0.974142  3 
 1.46465  0.972862  3 
 1.56566  0.96799  3 
 1.66667  0.959443  3 
 1.76768  0.947145  3 
 1.78958  0.943775  3 
 1.86869  0.930563  3 
 1.9697  0.90981  3 
 1.99571  0.903614  3 
 2.07071  0.884197  3 
 2.14099  0.863454  3 
 2.17172  0.853571  3 
 2.25693  0.823293  3 
 2.27273  0.817163  3 
 2.35388  0.783133  3 
 2.37374  0.774023  3 
 2.43737  0.742972  3 
 2.47475  0.72298  3 
 2.51063  0.702811  3 
 2.57566  0.662651  3 
 2.63331  0.62249  3 
 2.67677  0.588995  3 
 2.68516  0.582329  3 
 2.73151  0.542169  3 
 2.77324  0.502008  3 
 2.77778  0.4972  3 
 2.8105  0.461847  3 
 2.84383  0.421687  3 
 2.87347  0.381526  3 
 2.87879  0.373426  3 
 2.89958  0.341365  3 
 2.92241  0.301205  3 
 2.9421  0.261044  3 
 2.95878  0.220884  3 
 2.97253  0.180723  3 
 2.9798  0.154024  3 
 2.98345  0.140562  3 
 2.99158  0.100402  3 
 2.99697  0.060241  3 
 2.99966  0.0200803  3 
 2.99966 -0.0200803  3 
 2.99697 -0.060241  3 
 2.99158 -0.100402  3 
 2.98345 -0.140562  3 
 2.9798 -0.154024  3 
 2.97253 -0.180723  3 
 2.95878 -0.220884  3 
 2.9421 -0.261044  3 
 2.92241 -0.301205  3 
 2.89958 -0.341365  3 
 2.87879 -0.373426  3 
 2.87347 -0.381526  3 
 2.84383 -0.421687  3 
 2.8105 -0.461847  3 
 2.77778 -0.4972  3 
 2.77324 -0.502008  3 
 2.73151 -0.542169  3 
 2.68516 -0.582329  3 
 2.67677 -0.588995  3 
 2.63331 -0.62249  3 
 2.57576 -0.662586  3 
 2.51063 -0.702811  3 
 2.47475 -0.72298  3 
 2.43737 -0.742972  3 
 2.37374 -0.774023  3 
 2.35388 -0.783133  3 
 2.27273 -0.817163  3 
 2.25693 -0.823293  3 
 2.17172 -0.853571  3 
 2.14099 -0.863454  3 
 2.07071 -0.884197  3 
 1.99571 -0.903614  3 
 1.9697 -0.90981  3 
 1.86869 -0.930563  3 
 1.78958 -0.943775  3 
 1.76768 -0.947145  3 
 1.66667 -0.959443  3 
 1.56566 -0.96799  3 
 1.46465 -0.972862  3 
 1.36364 -0.974142  3 
 1.26263 -0.971921  3 
 1.16162 -0.96629  3 
 1.06061 -0.957339  3 
 0.959596 -0.945151  3 
 0.950865 -0.943775  3 

-1.76768 -0.947145  3 
-1.78958 -0.943775  3 
-1.86869 -0.930563  3 
-1.9697 -0.90981  3 
-1.99571 -0.903614  3 
-2.07071 -0.884197  3 
-2.14099 -0.863454  3 
-2.17172 -0.853571  3 
-2.25693 -0.823293  3 
-2.27273 -0.817163  3 
-2.35388 -0.783133  3 
-2.37374 -0.774023  3 
-2.43737 -0.742972  3 
-2.47475 -0.72298  3 
-2.51063 -0.702811  3 
-2.57566 -0.662651  3 
-2.63331 -0.62249  3 
-2.67677 -0.588995  3 
-2.68516 -0.582329  3 
-2.73151 -0.542169  3 
-2.77324 -0.502008  3 
-2.77778 -0.4972  3 
-2.8105 -0.461847  3 
-2.84383 -0.421687  3 
-2.87347 -0.381526  3 
-2.87879 -0.373426  3 
-2.89958 -0.341365  3 
-2.92241 -0.301205  3 
-2.9421 -0.261044  3 
-2.95878 -0.220884  3 
-2.97253 -0.180723  3 
-2.9798 -0.154024  3 
-2.98345 -0.140562  3 
-2.99158 -0.100402  3 
-2.99697 -0.060241  3 
-2.99966 -0.0200803  3 
-2.99966  0.0200803  3 
-2.99697  0.060241  3 
-2.99158  0.100402  3 
-2.98345  0.140562  3 
-2.9798  0.154024  3 
-2.97253  0.180723  3 
-2.95878  0.220884  3 
-2.9421  0.261044  3 
-2.92241  0.301205  3 
-2.89958  0.341365  3 
-2.87879  0.373426  3 
-2.87347  0.381526  3 
-2.84383  0.421687  3 
-2.8105  0.461847  3 
-2.77778  0.4972  3 
-2.77324  0.502008  3 
-2.73151  0.542169  3 
-2.68516  0.582329  3 
-2.67677  0.588995  3 
-2.63331  0.62249  3 
-2.57576  0.662586  3 
-2.51063  0.702811  3 
-2.47475  0.72298  3 
-2.43737  0.742972  3 
-2.37374  0.774023  3 
-2.35388  0.783133  3 
-2.27273  0.817163  3 
-2.25693  0.823293  3 
-2.17172  0.853571  3 
-2.14099  0.863454  3 
-2.07071  0.884197  3 
-1.99571  0.903614  3 
-1.9697  0.90981  3 
-1.86869  0.930563  3 
-1.78958  0.943775  3 
-1.76768  0.947145  3 
-1.66667  0.959443  3 
-1.56566  0.96799  3 
-1.46465  0.972862  3 
-1.36364  0.974142  3 
-1.26263  0.971921  3 
-1.16162  0.96629  3 
-1.06061  0.957339  3 
-0.959596  0.945151  3 
-0.950865  0.943775  3 
-0.858586  0.929598  3 
-0.757576  0.911009  3 
-0.723459  0.903614  3 
-0.656566  0.889426  3 
-0.555556  0.865252  3 
-0.548692  0.863454  3 
-0.454545  0.839015  3 
-0.396016  0.823293  3 
-0.353535  0.811891  3 
-0.252525  0.785873  3 
-0.239495  0.783133  3 
-0.151515  0.764318  3 
-0.0505051  0.751688  3 
 0.0505051  0.751688  3 
 0.151515  0.764318  3 
 0.239495  0.783133  3 
 0.252525  0.785873  3 
 0.353535  0.811891  3 


# Contour 3, label:        2
 1.9697  0.153403  2 
 1.97499  0.140562  2 
 1.98732  0.100402  2 
 1.99545  0.060241  2 
 1.9995  0.0200803  2 
 1.9995 -0.0200803  2 
 1.99545 -0.060241  2 
 1.98732 -0.100402  2 
 1.97499 -0.140562  2 
 1.9697 -0.153403  2 
 1.95831 -0.180723  2 
 1.93704 -0.220884  2 
 1.91088 -0.261044  2 
 1.87947 -0.301205  2 
 1.86869 -0.313018  2 
 1.84208 -0.341365  2 
 1.79804 -0.381526  2 
 1.76768 -0.405509  2 
 1.74624 -0.421687  2 
 1.68499 -0.461847  2 
 1.66667 -0.472405  2 
 1.61142 -0.502008  2 
 1.56566 -0.523403  2 
 1.52125 -0.542169  2 
 1.46465 -0.563131  2 
 1.40472 -0.582329  2 
 1.36364 -0.593913  2 
 1.26263 -0.617164  2 
 1.23253 -0.62249  2 
 1.16162 -0.633576  2 
 1.06061 -0.644002  2 
 0.959596 -0.648888  2 
 0.858586 -0.648424  2 
 0.757576 -0.642813  2 
 0.656566 -0.632257  2 
 0.593609 -0.62249  2 
 0.555556 -0.616812  2 
 0.454545 -0.596687  2 
 0.395102 -0.582329  2 
 0.353535 -0.572546  2 
 0.252525 -0.545778  2 
 0.23823 -0.542169  2 
 0.151515 -0.519949  2 
 0.0505051 -0.502507  2 
-0.0505051 -0.502507  2 
-0.151515 -0.519949  2 
-0.23823 -0.542169  2 
-0.252525 -0.545778  2 
-0.353535 -0.572546  2 
-0.395102 -0.582329  2 
-0.454545 -0.596687  2 
-0.555556 -0.616812  2 
-0.593609 -0.62249  2 
-0.656566 -0.632257  2 
-0.757576 -0.642813  2 
-0.858586 -0.648424  2 
-0.959596 -0.648888  2 
-1.06061 -0.644002  2 
-1.16162 -0.633576  2 

-1.16162 -0.633576  2 
-1.23253 -0.62249  2 
-1.26263 -0.617164  2 
-1.36364 -0.593913  2 
-1.40472 -0.582329  2 
-1.46465 -0.563131  2 
-1.52125 -0.542169  2 
-1.56566 -0.523403  2 
-1.61142 -0.502008  2 
-1.66667 -0.472405  2 
-1.68499 -0.461847  2 
-1.74624 -0.421687  2 
-1.76768 -0.405509  2 
-1.79804 -0.381526  2 
-1.84208 -0.341365  2 
-1.86869 -0.313018  2 
-1.87947 -0.301205  2 
-1.91088 -0.261044  2 
-1.93704 -0.220884  2 
-1.95831 -0.180723  2 
-1.9697 -0.153403  2 
-1.97499 -0.140562  2 
-1.98732 -0.100402  2 
-1.99545 -0.060241  2 
-1.9995 -0.0200803  2 
-1.9995  0.0200803  2 
-1.99545  0.060241  2 
-1.98732  0.100402  2 
-1.97499  0.140562  2 
-1.9697  0.153403  2 
-1.95831  0.180723  2 
-1.93704  0.220884  2 
-1.91088  0.261044  2 
-1.87947  0.301205  2 
-1.86869  0.313018  2 
-1.84208  0.341365  2 
-1.79804  0.381526  2 
-1.76768  0.405509  2 
-1.74624  0.421687  2 
-1.68499  0.461847  2 
-1.66667  0.472405  2 
-1.61142  0.502008  2 
-1.56566  0.523403  2 
-1.52125  0.542169  2 
-1.46465  0.563131  2 
-1.40472  0.582329  2 
-1.36364  0.593913  2 
-1.26263  0.617164  2 
-1.23253  0.62249  2 
-1.16162  0.633576  2 
-1.06061  0.644002  2 
-0.959596  0.648888  2 
-0.858586  0.648424  2 
-0.757576  0.642813  2 
-0.656566  0.632257  2 
-0.593609  0.62249  2 
-0.555556  0.616812  2 
-0.454545  0.596687  2 
-0.395102  0.582329  2 
-0.353535  0.572546  2 
-0.252525  0.545778  2 
-0.23823  0.542169  2 
-0.151515  0.519949  2 
-0.0505051  0.502507  2 
 0.0505051  0.502507  2 
 0.151515  0.519949  2 
 0.23823  0.542169  2 
 0.252525  0.545778  2 
 0.353535  0.572546  2 
 0.395102  0.582329  2 
 0.454545  0.596687  2 
 0.555556  0.616812  2 
 0.593609  0.62249  2 
 0.656566  0.632257  2 
 0.757576  0.642813  2 
 0.858586  0.648424  2 
 0.959596  0.648888  2 
 1.06061  0.644002  2 
 1.16162  0.633576  2 
 1.23253  0.62249  2 
 1.26263  0.617164  2 
 1.36364  0.593913  2 
 1.40472  0.582329  2 
 1.46465  0.563131  2 
 1.52125  0.542169  2 
 1.56566  0.523403  2 
 1.61142  0.502008  2 
 1.66667  0.472405  2 
 1.68499  0.461847  2 
 1.74624  0.421687  2 
 1.76768  0.405509  2 
 1.79804  0.381526  2 
 1.84208  0.341365  2 
 1.86869  0.313018  2 
 1.87947  0.301205  2 
 1.91088  0.261044  2 
 1.93704  0.220884  2 
 1.95831  0.180723  2 
 1.9697  0.153403  2 


# Contour 4, label:        1
-0.656566 -0.303196  1 
-0.664655 -0.301205  1 
-0.757576 -0.271884  1 
-0.78387 -0.261044  1 
-0.858553 -0.220884  1 
-0.910236 -0.180723  1 
-0.947889 -0.140562  1 
-0.959596 -0.122994  1 
-0.974112 -0.100402  1 
-0.990826 -0.060241  1 
-0.998989 -0.0200803  1 
-0.998989  0.0200803  1 
-0.990826  0.060241  1 
-0.974112  0.100402  1 
-0.959596  0.122994  1 
-0.947889  0.140562  1 
-0.910236  0.180723  1 
-0.858586  0.220861  1 
-0.78387  0.261044  1 
-0.757576  0.271884  1 
-0.664655  0.301205  1 
-0.656566  0.303196  1 
-0.555556  0.319376  1 
-0.454545  0.324344  1 
-0.353535  0.318843  1 
-0.252525  0.303646  1 
-0.242646  0.301205  1 
-0.151515  0.279651  1 
-0.0754602  0.261044  1 
-0.0505051  0.254783  1 
 0.0505051  0.254783  1 
 0.0754602  0.261044  1 
 0.151515  0.279651  1 
 0.242646  0.301205  1 
 0.252525  0.303646  1 
 0.353535  0.318843  1 
 0.454545  0.324344  1 
 0.555556  0.319376  1 
 0.656566  0.303196  1 
 0.664655  0.301205  1 
 0.757576  0.271884  1 
 0.78387  0.261044  1 
 0.858553  0.220884  1 
 0.910236  0.180723  1 
 0.947889  0.140562  1 
 0.959596  0.122994  1 
 0.974112  0.100402  1 
 0.990826  0.060241  1 
 0.998989  0.0200803  1 
 0.998989 -0.0200803  1 
 0.990826 -0.060241  1 
 0.974112 -0.100402  1 
 0.959596 -0.122994  1 
 0.947889 -0.140562  1 
 0.910236 -0.180723  1 
 0.858586 -0.220861  1 
 0.78387 -0.261044  1 
 0.757576 -0.271884  1 
 0.664655 -0.301205  1 
 0.656566 -0.303196  1 
 0.555556 -0.319376  1 
 0.454545 -0.324344  1 
 0.353535 -0.318843  1 
 0.252525 -0.303646  1 
 0.242646 -0.301205  1 
 0.151515 -0.279651  1 
 0.0754602 -0.261044  1 
 0.0505051 -0.254783  1 
-0.0505051 -0.254783  1 
-0.0754602 -0.261044  1 
-0.151515 -0.279651  1 
-0.242646 -0.301205  1 
-0.252525 -0.303646  1 
-0.353535 -0.318843  1 
-0.454545 -0.324344  1 
-0.555556 -0.319376  1 
-0.656566 -0.303196  1 

