D7	Peak 2	Peak 1
0	-0.9949	-1.003
0.2	-0.9846	-1.0488
0.4	-0.9777	-0.9872
0.6	-0.9004	-0.8968
0.8	-0.8631	-0.8452
1	-0.8028	-0.8031
1.2	-0.7569	-0.7365
1.4	-0.7121	-0.6982
1.6	-0.6718	-0.6574
1.8	-0.6211	-0.6055
2	-0.5692	-0.5698
2.2	-0.5427	-0.5172
2.4	-0.5038	-0.4813
2.6	-0.463	-0.4373
2.8	-0.4205	-0.3974
3	-0.391	-0.3584
3.4	-0.3247	-0.2987
0	-0.9794	-0.99
3.8	-0.2489	-0.2104
4	-0.2162	-0.1791
4.2	-0.1854	-0.1397
4.4	-0.1532	-0.1103
4.6	-0.1229	-0.0819
4.8	-0.0887	-0.0467
5	-0.0637	-0.0231
5.5	0.002	0.0494
6	0.0644	0.1234
7	0.2053	0.2559
8	0.2958	0.3479
