L4	Peak 2 	Peak 1
0.2	0.9921	1
1	0.8541	0.9947
10	0.8674	0.95
20	0.797	0.8583
30	0.6809	0.762
40	0.4647	0.5145
50	0.4851	0.5467
60	0.3192	0.3594
80	0.347	0.2621
70	0.2422	0.2853
90	0.2499	0.241
100	0.2331	0.2219
110	0.2209	0.1975
120	0.1963	0.1781
130	0.2062	0.1715
140	0.1864	0.1683
150	0.1933	0.1582
160	0.1939	0.1547
170	0.1621	0.1563
180	0.1636	0.1541
190	0.156	0.1645
200	0.1521	0.162
210	0.1442	0.1597
220	0.1352	0.1633
230	0.1308	0.1573
270	0.0935	0.1448
250	0.111	0.1502
260	0.1024	0.1465
270	0.0923	0.1398
280	0.0834	0.1329

