91.121719,0.067538
91.335899,0.131664
91.502113,0.199910
90.999519,0.267620
91.120026,0.332808
91.290443,0.399671
91.100189,0.467747
90.863457,0.532220
91.236099,0.599743
91.236099,0.663835
91.100189,0.732079
90.999519,0.799783
91.236099,0.863801
91.329582,0.931785
90.863457,0.999635
91.121719,1.063814
91.329582,1.131774
91.506042,1.199701
90.999519,1.263795
90.991753,1.331789
91.241447,1.399717
91.236099,1.463822
91.094307,1.531784
91.216331,1.599763
91.100189,1.663862
91.057228,1.731807
91.329582,1.799886
91.236099,1.863854
91.236099,1.931850
91.117294,1.999944
90.991753,2.064064
91.216331,2.131777
91.236099,2.199733
91.353439,2.263904
91.236099,2.332284
91.353439,2.399813
91.353439,2.463912
91.442383,2.531910
91.120026,2.599918
91.442383,2.663984
90.863457,2.731956
91.418610,2.799928
91.117294,2.864057
90.999519,2.931976
91.216881,2.999939
91.236099,3.064071
90.999519,3.132056
91.236099,3.199929
91.120026,3.264160
91.120026,3.331995
90.863457,3.399924
91.117294,3.464141
91.308098,3.532065
90.999519,3.599973
91.117294,3.664116
90.999519,3.732166
90.999519,3.800098
90.875206,3.864054
90.999519,3.932204
90.999519,4.000018
90.991753,4.064441
90.875206,4.132165
91.100189,4.200087
91.120026,4.264069
91.236099,4.332593
91.353439,4.396165
91.236099,4.464122
91.100189,4.532113
91.236099,4.596270
91.560905,4.664128
90.863457,4.732217
90.971016,4.796731
91.120026,4.864168
91.216331,4.932229
90.999519,4.996328
91.236099,5.064397
91.216331,5.132442
91.120026,5.196336
91.194504,5.264192
91.195892,5.332406
90.863457,5.396383
91.236099,5.464272
91.120026,5.532165
91.442383,5.596302
90.999519,5.664296
91.308098,5.732364
91.308098,5.796705
91.260841,5.864390
90.999519,5.932336
91.335899,5.996309
90.999519,6.064596
91.236099,6.132251
91.100189,6.196369
91.216331,6.264663
91.117294,6.332792
90.950829,6.396418
90.911819,6.464429
91.236099,6.532301
91.568581,6.596524
91.120026,6.664469
91.521828,6.732344
91.120026,6.796702
91.236099,6.864732
90.999519,6.932375
91.120026,6.996478
91.100189,7.064626
91.353439,7.132489
91.236099,7.196515
91.418610,7.264527
91.236099,7.332401
90.863457,7.396531
90.999519,7.464476
91.236099,7.532418
91.236099,7.596639
91.353439,7.664597
91.216331,7.732813
91.418610,7.797016
91.100189,7.864712
90.991753,7.932581
90.863457,7.996664
91.100189,8.064759
91.236099,8.132609
90.863457,8.196739
90.863457,8.264761
91.120026,8.328765
91.236099,8.396599
90.863457,8.464728
91.071793,8.528648
91.310890,8.596695
91.236099,8.664648
90.999519,8.728998
91.120026,8.797076
91.121719,8.864700
90.991753,8.928690
91.120026,8.996889
90.791428,9.064841
90.999519,9.128864
90.979294,9.196722
91.082054,9.264710
90.863457,9.328833
90.863457,9.396844
90.999519,9.464755
91.094307,9.528856
91.082054,9.596841
91.310890,9.664808
90.791428,9.729071
90.896057,9.797136
91.236099,9.864861
91.308098,9.928878
91.353439,9.997061
90.896057,10.064945
91.194214,10.129025
91.120026,10.196878
90.991753,10.264818
91.120026,10.329609
90.791428,10.396909
91.611107,10.464840
100.143326,10.528921
110.026955,10.596940
122.454979,10.665087
134.409927,10.729445
146.751389,10.797034
158.548950,10.864957
170.565140,10.929108
182.919525,10.997084
194.816391,11.065157
206.978302,11.129075
218.873749,11.197059
231.823441,11.265158
243.255630,11.329270
255.141342,11.397107
266.563904,11.465036
279.620087,11.529098
291.189453,11.597189
302.117188,11.665046
314.622009,11.729331
327.211731,11.797127
339.000549,11.865127
350.550323,11.929091
2.869546,11.997118
15.725579,12.061460
27.248280,12.129167
38.889080,12.197145
51.861450,12.261225
63.734287,12.329824
75.142639,12.397149
86.361824,12.461136
99.660614,12.529173
111.270470,12.597276
122.699135,12.661246
135.034500,12.729401
147.724487,12.797272
158.644791,12.861180
170.840057,12.929349
183.169464,12.997190
195.375290,13.061614
207.102310,13.129248
219.164139,13.197308
231.823441,13.261625
243.507614,13.329322
255.911896,13.397123
267.291626,13.461221
280.577026,13.529226
291.575073,13.597194
303.125183,13.661335
315.044983,13.729655
327.331207,13.797224
339.496643,13.861278
350.866211,13.929467
4.102479,13.997255
15.208199,14.061798
27.414810,14.129402
39.444145,14.197236
51.891251,14.261412
63.766979,14.330078
75.437981,14.397402
86.621620,14.461319
100.275963,14.529526
111.321304,14.597287
123.302452,14.661376
135.651047,14.729708
148.182755,14.797360
159.073730,14.861676
170.964340,14.929510
183.758606,14.997496
195.536606,15.061959
207.525085,15.129522
219.153656,15.197374
232.827026,15.261484
243.607025,15.329805
255.842255,15.397490
267.334076,15.461630
280.328369,15.529527
291.831543,15.597474
304.043488,15.661659
316.367096,15.729788
327.512787,15.793497
340.104126,15.861549
351.447937,15.929599
4.482026,15.993718
16.010851,16.062022
27.877863,16.129594
39.663525,16.193774
52.160862,16.261703
64.387032,16.330432
75.317726,16.393667
87.189919,16.461607
100.275963,16.529614
111.922722,16.593736
123.070053,16.661723
136.683121,16.729982
148.250610,16.793716
159.979980,16.861727
171.950180,16.929685
184.672073,16.993819
195.977264,17.062026
208.289001,17.129744
219.726837,17.193853
232.805603,17.261788
243.754654,17.329954
256.031128,17.393964
267.664612,17.461703
280.445709,17.529702
291.662933,17.594187
303.979248,17.661790
315.961243,17.729959
328.201416,17.793784
340.432434,17.861796
351.447937,17.929700
4.830936,17.994140
16.632311,18.061925
28.364912,18.129866
40.077103,18.194063
52.591263,18.262159
