135.000000,0.000000
135.255890,0.068035
134.945190,0.132078
134.703064,0.199773
135.313522,0.267838
135.313522,0.332314
135.000000,0.399989
135.000000,0.467968
135.414978,0.531961
135.173645,0.600072
135.193069,0.667857
135.193069,0.731865
134.783432,0.799900
135.178757,0.867939
135.065872,0.931840
135.103134,0.999994
135.232483,1.067974
134.859360,1.131981
135.013229,1.199926
135.313522,1.267941
134.734436,1.332118
135.000000,1.400156
135.022385,1.468100
135.255890,1.532067
135.103134,1.600333
135.000000,1.668036
135.167953,1.732084
135.057983,1.800336
135.255890,1.868524
135.414978,1.931985
134.955429,1.999971
135.336288,2.068524
135.000000,2.132502
135.138901,2.213590
135.000000,2.272963
135.158234,2.334053
135.115280,2.402080
135.414978,2.468640
135.173645,2.532612
135.173645,2.600805
135.414978,2.668589
135.367355,2.734986
135.054810,2.810101
134.897018,2.872432
134.864578,2.935472
135.000000,3.023687
135.329788,3.152157
135.255890,3.233416
135.414978,3.318932
135.173645,3.374101
135.221466,3.441988
135.437225,3.488676
134.953430,3.543597
135.158279,3.595420
135.199753,3.644908
135.000000,3.696001
135.414978,3.746878
134.929916,3.804054
134.929916,3.913731
134.952606,3.970031
135.000000,4.020118
135.103134,4.074226
135.313522,4.135992
135.221817,4.210413
135.173645,4.269179
135.022385,4.333738
135.255890,4.403143
134.744110,4.467682
135.255890,4.569760
135.000000,4.618892
135.414978,4.669299
135.414978,4.732783
135.414978,4.806130
135.138901,4.868171
135.255890,4.935951
135.075470,5.000469
135.000000,5.069450
135.414978,5.183569
135.065872,5.243933
135.313522,5.292041
135.000000,5.349046
135.173645,5.404512
135.193069,5.467667
134.859360,5.534470
135.255890,5.630375
135.255890,5.677930
135.082870,5.734167
135.173645,5.802401
135.000000,5.868326
135.115280,5.932583
134.972229,6.001315
135.173645,6.068030
135.065872,6.142445
135.173645,6.206233
135.367355,6.270151
135.367355,6.336487
134.952606,6.400596
134.744110,6.468602
135.000000,6.559877
134.744110,6.608163
135.313522,6.666710
135.229904,6.736137
135.075470,6.800700
135.000000,6.864637
135.255890,6.932766
135.313522,7.000978
135.255890,7.064751
134.694641,7.132756
135.000000,7.200631
135.294937,7.264771
135.173645,7.332756
135.221817,7.396670
135.173645,7.464875
135.255890,7.532816
135.414978,7.596798
135.039932,7.664693
135.255890,7.732733
135.414978,7.796896
135.414978,7.865403
135.115280,7.932845
134.694641,7.996815
135.414978,8.064862
134.744110,8.132723
134.708603,8.200333
135.000000,8.271365
135.000000,8.337228
135.222977,8.401404
135.193069,8.467246
134.911194,8.537708
135.000000,8.601309
135.173645,8.667656
135.173645,8.733812
135.000000,8.799730
134.791229,8.915601
135.414978,8.963294
134.929916,9.010004
135.414978,9.067378
134.924591,9.133717
135.287964,9.197731
135.000000,9.267024
134.911194,9.334799
135.336288,9.400126
135.255890,9.470629
135.173645,9.537040
135.173645,9.599811
135.000000,9.670490
134.953430,9.738753
135.000000,9.797871
135.173645,9.868288
135.103134,9.935515
135.229904,10.019105
135.414978,10.080726
135.022385,10.133144
135.173645,10.197196
135.414978,10.265591
135.167953,10.333173
135.179657,10.397672
135.023865,10.498521
134.929916,10.576853
135.173645,10.633977
134.915466,10.682550
135.103134,10.749856
135.173645,10.797632
135.065872,10.882011
134.694641,10.946967
135.115280,10.998281
135.173645,11.065251
135.000000,11.136185
135.173645,11.232210
135.065872,11.280375
135.022385,11.330187
135.270233,11.398581
135.313522,11.520936
135.336288,11.602445
135.016373,11.725521
135.414978,11.817459
135.255890,11.886400
135.414978,12.037377
134.945190,12.115656
135.000000,12.160214
135.173645,12.204418
134.901230,12.249907
135.000000,12.294082
134.929916,12.338431
135.173645,12.397346
134.929916,12.465408
135.414978,12.589013
135.173645,12.678540
135.065872,12.859311
135.255890,12.994568
135.173645,13.112264
135.000000,13.198980
135.367355,13.244200
134.942459,13.336740
135.119232,13.401862
134.952606,13.474797
135.255890,13.528883
135.255890,13.580954
135.255890,13.633392
135.179657,13.680218
135.255890,13.725759
135.367355,13.771756
135.022385,13.818775
135.000000,13.866678
135.039932,13.930211
135.075470,13.998763
135.193069,14.071859
135.173645,14.130299
135.255890,14.198071
134.953430,14.266023
135.255890,14.331068
135.173645,14.397715
135.173645,14.469177
135.255890,14.529761
135.414978,14.604408
135.179657,14.750278
134.962463,14.851756
134.744110,14.913402
135.000000,14.962000
135.414978,15.007615
135.000000,15.054407
135.414978,15.099532
135.261475,15.143894
135.000000,15.197616
135.000000,15.261703
135.414978,15.329748
134.998779,15.397844
135.000000,15.461883
135.363586,15.529837
135.179657,15.597730
135.167953,15.661785
135.221817,15.729730
