91.012024,0.063583
91.012024,0.131708
91.012024,0.199468
91.012024,0.263489
91.012024,0.331448
91.012024,0.399986
91.012024,0.463634
91.248077,0.531498
91.012024,0.599543
91.012024,0.663737
91.012024,0.731568
91.012024,0.799597
91.012024,0.863641
91.012024,0.931645
91.269745,0.999846
91.012024,1.063622
91.012024,1.131689
91.088509,1.195765
91.012024,1.263641
91.136086,1.331835
91.012024,1.396077
91.012024,1.463669
91.012024,1.531699
91.012024,1.596001
91.012024,1.663869
91.012024,1.732435
91.012024,1.795990
91.012024,1.864244
91.012024,1.932028
91.012024,1.996075
91.012024,2.063751
91.012024,2.131805
91.239380,2.195780
91.012024,2.264555
91.269745,2.328055
91.012024,2.396248
91.012024,2.463862
91.012024,2.527923
91.248077,2.595843
91.012024,2.664047
91.012024,2.728008
91.012024,2.796589
90.988678,2.863974
90.905647,2.928068
91.012024,2.996087
91.012024,3.064010
91.012024,3.128022
91.012024,3.195997
91.012024,3.263963
90.905647,3.328141
91.012024,3.396464
91.012024,3.460102
91.304001,3.528021
91.304001,3.595970
91.012024,3.660213
91.012024,3.729800
91.269745,3.795993
90.905647,3.860364
91.012024,3.928146
91.012024,3.996166
91.012024,4.060152
91.012024,4.128316
91.269745,4.196002
91.012024,4.260117
91.088509,4.328129
91.119774,4.396618
91.119774,4.460135
91.012024,4.528124
90.905647,4.596122
91.119774,4.660216
90.988678,4.728162
91.012024,4.792152
91.119774,4.860162
91.012024,4.928322
91.012024,4.992291
91.088509,5.060192
91.012024,5.128320
91.012024,5.192226
91.012024,5.260192
91.012024,5.328144
91.269745,5.392342
91.012024,5.460264
91.269745,5.528269
91.119774,5.592329
91.012024,5.660615
91.012024,5.729057
91.248077,5.792347
91.012024,5.860511
91.012024,5.924327
91.248077,5.992661
91.012024,6.060298
91.119774,6.124267
91.012024,6.192338
91.012024,6.260313
91.012024,6.324564
91.012024,6.392399
91.012024,6.460313
91.012024,6.524286
91.012024,6.592388
91.012024,6.660763
91.012024,6.724293
91.012024,6.792446
91.269745,6.860904
91.012024,6.924626
91.012024,6.992640
91.012024,7.056398
91.012024,7.124363
91.012024,7.192419
91.012024,7.256437
91.012024,7.324482
91.088509,7.392528
91.248077,7.456585
91.012024,7.524730
91.012024,7.592575
91.269745,7.656929
91.012024,7.726480
91.012024,7.792554
91.119774,7.856840
91.012024,7.924712
91.012024,7.992907
91.012024,8.056583
91.012024,8.124709
91.012024,8.188627
91.248077,8.256535
91.012024,8.326740
91.012024,8.389272
91.012024,8.456805
91.012024,8.524645
91.012024,8.588660
91.119774,8.657032
91.012024,8.724786
91.012024,8.788843
91.130562,8.856724
91.012024,8.925053
91.088509,8.989261
91.012024,9.056758
91.012024,9.124847
91.012024,9.188858
91.012024,9.256702
91.012024,9.320717
91.119774,9.388708
91.088509,9.456754
91.012024,9.520791
91.239380,9.588892
91.012024,9.657106
91.269745,9.722891
91.012024,9.788730
91.012024,9.857073
90.905647,9.920959
91.012024,9.989471
91.012024,10.056925
90.905647,10.120886
91.012024,10.189001
91.012024,10.257013
91.012024,10.320916
91.012024,10.389080
91.012024,10.452966
91.012024,10.520859
91.012024,10.588998
91.012024,10.652891
91.239380,10.720902
91.239380,10.789066
90.905647,10.852961
91.012024,10.921282
91.012024,10.989424
91.012024,11.053001
91.012024,11.120998
91.012024,11.189270
91.012024,11.252992
91.012024,11.320968
91.012024,11.388982
91.088509,11.453072
91.012024,11.520977
91.012024,11.585103
91.012024,11.652989
91.269745,11.723140
91.012024,11.785036
91.012024,11.853170
90.905647,11.921398
91.012024,11.985701
91.012024,12.053039
96.232010,12.121035
107.899307,12.185352
118.745712,12.253032
130.459549,12.321127
144.073578,12.385295
155.523346,12.453181
167.380524,12.521127
179.342102,12.585059
191.482285,12.653247
203.296173,12.717176
215.223694,12.785209
228.376358,12.853231
239.376541,12.917629
251.325104,12.985599
262.561737,13.053176
276.095825,13.117225
287.294128,13.185410
298.662598,13.253176
310.379761,13.317177
323.263458,13.385247
335.123077,13.453337
347.147095,13.517222
179.249161,13.585263
11.879219,13.653278
23.230761,13.719396
35.376778,13.785293
48.211880,13.849593
60.118542,13.917705
71.492058,13.985572
83.160385,14.049321
96.541222,14.117434
107.608368,14.185385
118.726730,14.249284
129.985748,14.317336
143.448441,14.385472
154.815414,14.449333
167.178497,14.517361
359.035339,14.585317
191.278854,14.649532
203.611938,14.717316
215.322540,14.785369
228.012680,14.849479
239.728378,14.917764
251.636475,14.981460
262.710419,15.049456
276.933533,15.117527
286.710480,15.181633
298.588684,15.249429
307.975433,15.317592
320.889954,15.381560
332.551727,15.449825
343.917175,15.517428
356.490814,15.581485
8.436753,15.649468
20.227404,15.719850
31.398617,15.781455
44.252888,15.849638
56.888489,15.917533
68.370377,15.981537
80.135857,16.049544
92.634857,16.117737
104.353134,16.181818
116.032722,16.249763
127.710175,16.313609
140.387634,16.381704
152.761810,16.449799
164.290436,16.513619
175.543137,16.581607
189.525421,16.649654
200.760590,16.713605
212.849197,16.781607
224.436417,16.849770
236.440292,16.913799
248.318451,16.981728
259.964661,17.049772
273.031494,17.113666
284.257935,17.182097
295.697662,17.249679
307.907837,17.313657
320.335510,17.381872
332.727051,17.445943
344.002655,17.513864
356.380493,17.581696
8.422248,17.646083
20.994059,17.715691
32.486256,17.781779
45.152565,17.845799
57.214687,17.913926
69.074409,17.981885
80.437317,18.045801
93.761497,18.113905
104.602173,18.182407
116.428833,18.245810
128.355637,18.313841
140.381653,18.382011
152.361572,18.446019
164.290436,18.514051
175.720779,18.577829
189.265228,18.645865
200.450912,18.713918
212.514648,18.777989
224.436417,18.845999
236.495926,18.913915
248.348190,18.978047
259.922119,19.045960
273.190002,19.114022
284.684570,19.178316
296.896912,19.245955
308.073792,19.313998
320.889954,19.378118
332.896667,19.446176
344.068115,19.513986
355.437256,19.577985
8.604503,19.646060
20.815439,19.711097
32.467255,19.778010
44.675438,19.846155
56.965034,19.910163
68.528702,19.978062
79.860558,20.046093
92.948814,20.110059
104.738350,20.178387
116.008781,20.246096
127.838890,20.310100
140.934418,20.378227
152.823639,20.446375
164.155014,20.510112
175.910324,20.578060
189.047119,20.646103
200.760590,20.710122
212.688324,20.778168
224.887161,20.842131
236.548538,20.910199
248.462143,20.978240
260.191467,21.042149
273.203491,21.110162
284.521027,21.178454
296.298309,21.242169
307.853760,21.310357
320.889954,21.378107
332.552551,21.442314
343.917175,21.510197
356.292847,21.578124
8.638733,21.642195
21.427692,21.710985
32.474747,21.778267
45.118416,21.842162
57.064823,21.910262
69.487083,21.974383
80.813904,22.042258
93.678520,22.110347
105.012711,22.174400
116.428833,22.242443
128.513107,22.310390
140.948822,22.374460
152.937332,22.442709
164.525940,22.510306
176.119522,22.574529
189.581406,22.642515
200.760590,22.710399
212.573975,22.774527
224.650009,22.842345
236.868210,22.910331
248.348190,22.974455
260.191467,23.042461
273.203491,23.106514
284.521027,23.174472
296.588440,23.242484
308.073792,23.306579
320.889954,23.374543
333.050110,23.442841
344.543579,23.506587
357.466644,23.574532
9.307035,23.642462
21.527752,23.707021
32.858513,23.774536
45.170376,23.842704
57.052242,23.906720
68.725639,23.974720
80.430580,24.042551
93.479630,24.106718
105.005966,24.174989
