353.695679,0.000000
6.758828,0.067910
18.515007,0.131877
30.142879,0.199881
42.345478,0.267934
54.827682,0.332003
66.303543,0.400626
78.268257,0.468352
90.111229,0.531935
102.691582,0.599917
114.404884,0.667892
125.887077,0.731974
139.220398,0.800512
150.746201,0.864177
162.667313,0.931963
173.874680,1.000124
187.132660,1.064096
198.620987,1.132097
210.126801,1.200079
221.803802,1.264199
235.043579,1.332072
246.763275,1.400156
258.109131,1.464053
270.377991,1.532016
282.792816,1.600096
294.356720,1.664168
306.077454,1.732431
319.529541,1.800595
330.832855,1.864116
342.606750,1.932172
353.964508,2.000446
7.654720,2.064060
19.639446,2.132179
30.781456,2.200179
42.249908,2.264249
54.848499,2.332187
66.405228,2.400814
78.768265,2.464103
90.540176,2.532160
103.156387,2.600178
114.453407,2.664460
126.294006,2.732676
139.620255,2.800785
151.176453,2.864305
162.862473,2.932315
174.015366,3.000498
187.307083,3.064286
198.804214,3.132251
210.995728,3.200420
223.010498,3.264292
235.747070,3.332420
247.050262,3.400562
258.462189,3.464304
271.377869,3.532242
283.176575,3.600298
294.856323,3.664268
306.178314,3.732861
319.396942,3.800673
331.119019,3.864445
342.667664,3.932322
354.606323,4.000510
7.590051,4.064308
19.474236,4.132591
31.151772,4.200349
43.252857,4.264456
55.503357,4.332526
66.708717,4.401093
79.099442,4.464372
91.681503,4.532412
103.347015,4.596517
114.841545,4.664461
126.294006,4.732769
139.620255,4.796713
150.997055,4.864494
163.131485,4.932487
173.978592,4.998184
187.689499,5.064556
199.455734,5.133362
211.234573,5.197208
223.392822,5.275779
235.814880,5.333311
247.240494,5.398234
258.495300,5.465189
271.971436,5.533130
283.305298,5.597201
295.300781,5.665173
306.869476,5.732992
319.102417,5.796599
330.961792,5.864651
343.124512,5.933214
354.897644,5.998228
7.977410,6.065219
19.383814,6.132624
31.331812,6.196603
43.532768,6.264907
56.524796,6.332675
67.069168,6.398630
