

    SL.NO    LABEL    DATA           SL.NO    LABEL    DATA

    0001              000005         0002              000009 
    0003              000004         0004              000010 
    0005              000007         0006              000011 
    0007              000008         0008              000008 
    0009              000006         0010              000009 
    0011              000019         0012              000012 
    0013              000013         0014              000008 
    0015              000012         0016              000011 
    0017              000011         0018              000007 
    0019              000006         0020              000014 
    0021              000009         0022              000009 
    0023              000014         0024              000009 
    0025              000011         0026              000004 
    0027              000007         0028              000008 
    0029              000006         0030              000003 
    0031              000009         0032              000002 
    0033              000007         0034              000004 
    0035              000003         0036              000002 
    0037              000006         0038              000005 
    0039              000003         0040              000004 
    0041              000004         0042              000004 
    0043              000002         0044              000000 
    0045              000005         0046              000003 
    0047              000004         0048              000007 
    0049              000005         0050              000004 
    0051              000004         0052              000005 
    0053              000001         0054              000006 
    0055              000005         0056              000007 
    0057              000004         0058              000001 
    0059              000003         0060              000007 
    0061              000005         0062              000001 
    0063              000005         0064              000002 
    0065              000003         0066              000002 
    0067              000002         0068              000002 
    0069              000002         0070              000004 
    0071              000003         0072              000005 
    0073              000007         0074              000007 
    0075              000004         0076              000006 
    0077              000009         0078              000005 
    0079              000004         0080              000003 
    0081              000003         0082              000010 
    0083              000001         0084              000004 
    0085              000005         0086              000005 
    0087              000003         0088              000003 
    0089              000003         0090              000004 
    0091              000005         0092              000008 
    0093              000004         0094              000004 
    0095              000002         0096              000003 
    0097              000008         0098              000006 
    0099              000004         0100              000002 
    0101              000000         0102              000003 
    0103              000005         0104              000004 
    0105              000003         0106              000001 
    0107              000003         0108              000005 
    0109              000002         0110              000003 
    0111              000003         0112              000003 
    0113              000006         0114              000007 
    0115              000003         0116              000003 
    0117              000008         0118              000004 
    0119              000000         0120              000006 
    0121              000008         0122              000005 
    0123              000004         0124              000006 
    0125              000003         0126              000005 
    0127              000003         0128              000003 
    0129              000002         0130              000007 
    0131              000006         0132              000006 
    0133              000002         0134              000005 
    0135              000003         0136              000004 
    0137              000005         0138              000001 
    0139              000006         0140              000003 
    0141              000004         0142              000006 
    0143              000004         0144              000003 
    0145              000006         0146              000002 
    0147              000004         0148              000004 
    0149              000005         0150              000003 
    0151              000003         0152              000003 
    0153              000005         0154              000004 
    0155              000004         0156              000003 
    0157              000005         0158              000001 
    0159              000004         0160              000005 
    0161              000006         0162              000006 
    0163              000005         0164              000005 
    0165              000003         0166              000005 
    0167              000001         0168              000006 
    0169              000002         0170              000002 
    0171              000002         0172              000002 
    0173              000002         0174              000005 
    0175              000005         0176              000004 
    0177              000002         0178              000008 
    0179              000005         0180              000005 
    0181              000002         0182              000004 
    0183              000002         0184              000002 
    0185              000006         0186              000002 
    0187              000006         0188              000007 
    0189              000003         0190              000006 
    0191              000003         0192              000002 
    0193              000002         0194              000005 
    0195              000005         0196              000005 
    0197              000005         0198              000006 
    0199              000008         0200              000006 
    0201              000000         0202              000004 
    0203              000003         0204              000003 
    0205              000006         0206              000004 
    0207              000005         0208              000005 
    0209              000003         0210              000003 
    0211              000004         0212              000002 
    0213              000002         0214              000003 
    0215              000003         0216              000002 
    0217              000003         0218              000003 
    0219              000004         0220              000004 
    0221              000004         0222              000005 
    0223              000004         0224              000002 
    0225              000003         0226              000004 
    0227              000002         0228              000006 
    0229              000010         0230              000004 
    0231              000003         0232              000005 
    0233              000001         0234              000001 
    0235              000002         0236              000002 
    0237              000000         0238              000010 
    0239              000004         0240              000001 
    0241              000006         0242              000002 
    0243              000004         0244              000004 
    0245              000004         0246              000003 
    0247              000007         0248              000003 
    0249              000000         0250              000005 
    0251              000004         0252              000003 
    0253              000005         0254              000008 
    0255              000005         0256              000003 
    0257              000004         0258              000002 
    0259              000006         0260              000004 
    0261              000006         0262              000007 
    0263              000006         0264              000002 
    0265              000004         0266              000001 
    0267              000003         0268              000001 
    0269              000006         0270              000006 
    0271              000002         0272              000004 
    0273              000004         0274              000005 
    0275              000004         0276              000004 
    0277              000006         0278              000001 
    0279              000010         0280              000006 
    0281              000006         0282              000003 
    0283              000008         0284              000004 
    0285              000006         0286              000005 
    0287              000004         0288              000006 
    0289              000005         0290              000005 
    0291              000006         0292              000002 
    0293              000005         0294              000005 
    0295              000003         0296              000004 
    0297              000005         0298              000009 
    0299              000004         0300              000003 
    0301              000002         0302              000002 
    0303              000006         0304              000007 


