000041
000035 
000053
000046 
000027
000041 
000033
000035 
000042
000038 
000038
000033 
000045
000037 
000034
000036 
000044
000032 
000027
000038 
000035
000044 
000046
000032 
000041
000053 
000028
000034 
000036
000040 
000041
000036 
000034
000053 
000031
000048 
000044
000030 
000050
000045 
000040
000041 
000045
000050 
000039
000048 
000036
000036 
000037
000028 
000038
000038 
000027
000037 
000046
000037 
000030
000041 
000048
000032 
000037
000041 
000038
000030 
000036
000040 
000036
000026 
000039
000041 
000040
000031 
000036
000049 
000037
000043 
000045
000043 
000041
000040 
000041
000031 
000034
000038 
000046
000043 
000037
000029 
000034
000046 
000039
000037 
000034
000033 
000032
000033 
000037
000055 
000038
000054 
000043
000035 
000042
000045 
000040
000036 
000039
000023 
000035
000032 
000041
000048 
000029
000033 
000031
000043 
000040
000033 
000037
000035 
000046
000042 
000033
000028 
000048
000036 
000047
000041 
000035
000045 
000042
000047 
000046
000048 
000032
000035 
000034
000045 
000041
000049 
000035
000035 
000034
000034 
000034
000042 
000043
000040 
000030
000045 
000034
000035 
000045
000035 
000044
000044 
000038
000041 
000041
000029 
000030
000046 
000030
000036 
000040
000048 
000023
000033 
000040
000040 
000038
000029 
000029
000041 
000043
000045 
000035
000045 
000041
000043 
000042
000035 
000048
000037 
000041
000037 
000033
000031 
000051
000033 
000041
000048 
000036
000035 
000044
000040 
000039
000033 
000038
000041 
000027
000033 
000043
000042 
000031
000036 
000043
000043 
000031
000041 
000046
000047 
000045
000034 
000034
000041 
000030
000035 
000062
000051 
000039
000039 
000040
000048 
000041
000031 
000042
000044 
000034
000033 
000034
000033 
000038
000042 
000040
000048 
000032
000036 
000033
000036 
000042
000041 
000037
000039 
000036
000031 
000043
000051 
000048
000044 
000038
000033 
000045
000026 
000047
000046 
000034
000038 
000044
000040 
000047
000045 
000052
000029 
000044
000046 
000035
000044 
000036
000038 
000040
000040 
000036
000041 
000035
000033 
000046
000038 
000029
000041 
000041
000026 
000048
000035 
000036
000046 
000055
000042 
000034
000055 
000024
000043 
000036
000045 
000047
000036 
000035
000038 
000046
000047 