000005
000009 
000004
000010 
000007
000011 
000008
000008 
000006
000009 
000019
000012 
000013
000008 
000012
000011 
000011
000007 
000006
000014 
000009
000009 
000014
000009 
000011
000004 
000007
000008 
000006
000003 
000009
000002 
000007
000004 
000003
000002 
000006
000005 
000003
000004 
000004
000004 
000002
000000 
000005
000003 
000004
000007 
000005
000004 
000004
000005 
000001
000006 
000005
000007 
000004
000001 
000003
000007 
000005
000001 
000005
000002 
000003
000002 
000002
000002 
000002
000004 
000003
000005 
000007
000007 
000004
000006 
000009
000005 
000004
000003 
000003
000010 
000001
000004 
000005
000005 
000003
000003 
000003
000004 
000005
000008 
000004
000004 
000002
000003 
000008
000006 
000004
000002 
000000
000003 
000005
000004 
000003
000001 
000003
000005 
000002
000003 
000003
000003 
000006
000007 
000003
000003 
000008
000004 
000000
000006 
000008
000005 
000004
000006 
000003
000005 
000003
000003 
000002
000007 
000006
000006 
000002
000005 
000003
000004 
000005
000001 
000006
000003 
000004
000006 
000004
000003 
000006
000002 
000004
000004 
000005
000003 
000003
000003 
000005
000004 
000004
000003 
000005
000001 
000004
000005 
000006
000006 
000005
000005 
000003
000005 
000001
000006 
000002
000002 
000002
000002 
000002
000005 
000005
000004 
000002
000008 
000005
000005 
000002
000004 
000002
000002 
000006
000002 
000006
000007 
000003
000006 
000003
000002 
000002
000005 
000005
000005 
000005
000006 
000008
000006 
000000
000004 
000003
000003 
000006
000004 
000005
000005 
000003
000003 
000004
000002 
000002
000003 
000003
000002 
000003
000003 
000004
000004 
000004
000005 
000004
000002 
000003
000004 
000002
000006 
000010
000004 
000003
000005 
000001
000001 
000002
000002 
000000
000010 
000004
000001 
000006
000002 
000004
000004 
000004
000003 
000007
000003 
000000
000005 
000004
000003 
000005
000008 
000005
000003 
000004
000002 
000006
000004 
000006
000007 
000006
000002 
000004
000001 
000003
000001 
000006
000006 
000002
000004 
000004
000005 
000004
000004 
000006
000001 
000010
000006 
000006
000003 
000008
000004 
000006
000005 
000004
000006 
000005
000005 
000006
000002 
000005
000005 
000003
000004 
000005
000009 
000004
000003 
000002
000002 
000006
000007 