

    SL.NO    LABEL    DATA           SL.NO    LABEL    DATA

    0001              000041         0002              000035 
    0003              000053         0004              000046 
    0005              000027         0006              000041 
    0007              000033         0008              000035 
    0009              000042         0010              000038 
    0011              000038         0012              000033 
    0013              000045         0014              000037 
    0015              000034         0016              000036 
    0017              000044         0018              000032 
    0019              000027         0020              000038 
    0021              000035         0022              000044 
    0023              000046         0024              000032 
    0025              000041         0026              000053 
    0027              000028         0028              000034 
    0029              000036         0030              000040 
    0031              000041         0032              000036 
    0033              000034         0034              000053 
    0035              000031         0036              000048 
    0037              000044         0038              000030 
    0039              000050         0040              000045 
    0041              000040         0042              000041 
    0043              000045         0044              000050 
    0045              000039         0046              000048 
    0047              000036         0048              000036 
    0049              000037         0050              000028 
    0051              000038         0052              000038 
    0053              000027         0054              000037 
    0055              000046         0056              000037 
    0057              000030         0058              000041 
    0059              000048         0060              000032 
    0061              000037         0062              000041 
    0063              000038         0064              000030 
    0065              000036         0066              000040 
    0067              000036         0068              000026 
    0069              000039         0070              000041 
    0071              000040         0072              000031 
    0073              000036         0074              000049 
    0075              000037         0076              000043 
    0077              000045         0078              000043 
    0079              000041         0080              000040 
    0081              000041         0082              000031 
    0083              000034         0084              000038 
    0085              000046         0086              000043 
    0087              000037         0088              000029 
    0089              000034         0090              000046 
    0091              000039         0092              000037 
    0093              000034         0094              000033 
    0095              000032         0096              000033 
    0097              000037         0098              000055 
    0099              000038         0100              000054 
    0101              000043         0102              000035 
    0103              000042         0104              000045 
    0105              000040         0106              000036 
    0107              000039         0108              000023 
    0109              000035         0110              000032 
    0111              000041         0112              000048 
    0113              000029         0114              000033 
    0115              000031         0116              000043 
    0117              000040         0118              000033 
    0119              000037         0120              000035 
    0121              000046         0122              000042 
    0123              000033         0124              000028 
    0125              000048         0126              000036 
    0127              000047         0128              000041 
    0129              000035         0130              000045 
    0131              000042         0132              000047 
    0133              000046         0134              000048 
    0135              000032         0136              000035 
    0137              000034         0138              000045 
    0139              000041         0140              000049 
    0141              000035         0142              000035 
    0143              000034         0144              000034 
    0145              000034         0146              000042 
    0147              000043         0148              000040 
    0149              000030         0150              000045 
    0151              000034         0152              000035 
    0153              000045         0154              000035 
    0155              000044         0156              000044 
    0157              000038         0158              000041 
    0159              000041         0160              000029 
    0161              000030         0162              000046 
    0163              000030         0164              000036 
    0165              000040         0166              000048 
    0167              000023         0168              000033 
    0169              000040         0170              000040 
    0171              000038         0172              000029 
    0173              000029         0174              000041 
    0175              000043         0176              000045 
    0177              000035         0178              000045 
    0179              000041         0180              000043 
    0181              000042         0182              000035 
    0183              000048         0184              000037 
    0185              000041         0186              000037 
    0187              000033         0188              000031 
    0189              000051         0190              000033 
    0191              000041         0192              000048 
    0193              000036         0194              000035 
    0195              000044         0196              000040 
    0197              000039         0198              000033 
    0199              000038         0200              000041 
    0201              000027         0202              000033 
    0203              000043         0204              000042 
    0205              000031         0206              000036 
    0207              000043         0208              000043 
    0209              000031         0210              000041 
    0211              000046         0212              000047 
    0213              000045         0214              000034 
    0215              000034         0216              000041 
    0217              000030         0218              000035 
    0219              000062         0220              000051 
    0221              000039         0222              000039 
    0223              000040         0224              000048 
    0225              000041         0226              000031 
    0227              000042         0228              000044 
    0229              000034         0230              000033 
    0231              000034         0232              000033 
    0233              000038         0234              000042 
    0235              000040         0236              000048 
    0237              000032         0238              000036 
    0239              000033         0240              000036 
    0241              000042         0242              000041 
    0243              000037         0244              000039 
    0245              000036         0246              000031 
    0247              000043         0248              000051 
    0249              000048         0250              000044 
    0251              000038         0252              000033 
    0253              000045         0254              000026 
    0255              000047         0256              000046 
    0257              000034         0258              000038 
    0259              000044         0260              000040 
    0261              000047         0262              000045 
    0263              000052         0264              000029 
    0265              000044         0266              000046 
    0267              000035         0268              000044 
    0269              000036         0270              000038 
    0271              000040         0272              000040 
    0273              000036         0274              000041 
    0275              000035         0276              000033 
    0277              000046         0278              000038 
    0279              000029         0280              000041 
    0281              000041         0282              000026 
    0283              000048         0284              000035 
    0285              000036         0286              000046 
    0287              000055         0288              000042 
    0289              000034         0290              000055 
    0291              000024         0292              000043 
    0293              000036         0294              000045 
    0295              000047         0296              000036 
    0297              000035         0298              000038 
    0299              000046         0300              000047 


